V	B - V	V - I_c	V - K	period_max	period_boundary
9.000	0.400	0.500	1.000	-99.		-99.
9.250	0.430	0.540	1.100	-99.		-99.
9.500	0.480	0.570	1.220	0.9		-99.
9.750	0.520	0.610	1.300	1.75		-99.
10.000	0.550	0.650	1.380	2.7		-99.
10.250	0.600	0.690	1.470	3.2		-99.
10.500	0.650	0.730	1.550	3.7		-99.
10.750	0.690	0.770	1.660	4.5		-99.
11.000	0.740	0.810	1.780	5.0		-99.
11.250	0.790	0.840	1.900	5.5		-99.
11.500	0.830	0.890	2.000	6		-99.
11.750	0.890	0.950	2.140	6.8		-99.
12.000	0.920	1.010	2.280	7.2		2.
12.250	0.970	1.070	2.390	8		2.
12.500	1.030	1.130	2.560	8.5		2.	
12.750	1.070	1.220	2.720	9.0		2.
13.000	1.120	1.300	2.870	9.2		2.
13.250	1.180	1.370	3.030	9.2		2.
13.500	1.240	1.440	3.160	9.2		2.
13.750	1.280	1.540	3.300	9.2		2.
14.000	1.340	1.630	3.420	9.2		2.
14.250	1.370	1.740	3.580	9.2		
14.500	1.400	1.820	3.750	9.2
14.750	1.450	1.920	3.920	9.2
15.000	1.480	2.020	4.080	8.6
15.250	1.510	2.100	4.220	7.6
15.500	1.530	2.200	4.360	6.35
15.750	1.540	2.280	4.480	5.2
16.000	-9.990	2.360	4.610	4.4
16.250	-9.990	2.450	4.730	3.6
16.500	-9.990	2.530	4.820	2.8
16.750	-9.990	2.630	4.960	2.3
17.000	-9.990	2.720	5.120	1.95
17.250	-9.990	2.810	5.250	1.6
20.0	-9.99   -9.99    6.4	0.2
