            2MASS_ID   B_mag   V_mag   I_mag   J_mag   H_mag   K_mag  Period
   03273558+2431431    14.99   13.61   11.83   10.78   10.07    9.89    7.26
   03274206+2348132    10.96   10.30  -99.00    9.07    8.75    8.68  -99.00
   03284046+2536280    12.59   11.75  -99.00   10.20    9.88    9.72  -99.00
   03284876+2629576    12.90   12.02   11.06   10.43   10.01    9.92    6.48
   03292540+2539082     9.90    9.43  -99.00    8.46    8.31    8.27  -99.00
   03293837+2430379    13.04   12.16   11.11   10.32    9.86    9.70  -99.00
   03303350+2612567    14.40   13.22   11.89   11.01   10.40   10.28    4.82
   03311190+2509543    15.94   14.51   12.65   11.49   10.78   10.60    8.03
   03311462+2558521    16.85   15.34   13.20   11.99   11.29   11.09    2.41
   03313361+2615558    11.45   10.77  -99.00    9.51    9.22    9.07    3.24
   03320046+2346296    15.27   13.95  -99.00   11.33   10.69   10.52    8.37
   03321528+2641547    18.27   16.75   14.14   12.63   11.97   11.73    0.44
   03325142+2534463    15.25   13.93   12.28   11.15   10.48   10.32    2.09
   03330036+2559458    14.23   13.06   11.74   10.86   10.25   10.13    9.08
   03330582+2208032    12.25   11.43  -99.00    9.90    9.52    9.43  -99.00
   03331049+2231193    17.09   15.55   13.36   12.12   11.45   11.25  -99.00
   03331390+2300233    12.93   11.98  -99.00   10.26    9.79    9.67    7.06
   03340180+2452514    11.58   10.88  -99.00    9.58    9.27    9.18    4.33
   03340731+2420402    10.08    9.57  -99.00    8.55    8.31    8.27  -99.00
   03342211+2723458    18.58   16.88   14.24   12.68   11.97   11.76  -99.00
   03344438+2605456    14.64   13.45   12.05   11.14   10.56   10.37  -99.00
   03344635+2755328    18.25   16.65   14.03   12.53   11.86   11.62  -99.00
   03344722+2605415    11.14   10.48  -99.00    9.24    8.95    8.83  -99.00
   03345493+2204466    17.56   16.17   13.77   12.40   11.80   11.57    0.83
   03350940+2414202    16.81   15.28   13.14   11.91   11.23   11.03    1.51
   03353168+2249250    10.40    9.86  -99.00    8.83    8.60    8.54  -99.00
   03354967+2504484    18.02   16.45   14.00   12.60   11.95   11.69    1.74
   03355604+2521597    17.76   16.25   13.76   12.40   11.75   11.52    0.37
   03360098+2415578    12.06   11.29  -99.00    9.79    9.49    9.39  -99.00
   03361075+2615524    10.74   10.21    9.52    9.04    8.78    8.71  -99.00
   03361630+2508491    17.91   16.35   13.70   12.16   11.57   11.31    0.39
   03361762+2153391    11.65   10.96  -99.00    9.64    9.31    9.25    4.25
   03362432+2237256    15.49   14.14   12.37   11.35   10.70   10.56   11.28
   03363030+2400440    13.26   12.29  -99.00   10.47   10.03    9.90    7.41
   03364066+2749566    15.31   13.97   12.34   11.35   10.68   10.54    8.48
   03365252+2315453    14.88   13.66   12.25   11.38   10.76   10.62  -99.00
   03370346+2444356   -99.00   16.00   13.60   12.31   11.68   11.44    0.21
   03371230+2128054    13.49   12.45  -99.00   10.56   10.07    9.95    7.26
   03371651+2311045   -99.00   17.90   15.20   13.44   12.77   12.55  -99.00
   03371670+2544114   -99.00   18.20   15.30   13.66   13.02   12.77  -99.00
   03372404+2221035     9.71    9.20  -99.00    8.14    7.95    7.90  -99.00
   03372659+2641278    16.69   15.24   13.32   12.19   11.47   11.30  -99.00
   03373067+2450547   -99.00   18.90   15.70   13.83   13.26   12.97  -99.00
   03373490+2414117    11.20   10.59  -99.00    9.36    9.12    9.02  -99.00
   03373599+2632488    16.47   15.07   12.99   11.74   11.04   10.84    0.32
   03373768+2621045   -99.00   18.10   15.20   13.58   13.01   12.71  -99.00
   03374707+2803578    14.54   13.35   11.97   11.09   10.48   10.35  -99.00
   03374749+2453463   -99.00   19.20   15.90   14.15   13.57   13.29  -99.00
   03375641+2322569   -99.00   17.40   14.60   12.98   12.34   12.07  -99.00
   03380203+2420154   -99.00   17.60   14.80   13.11   12.53   12.26    1.31
   03380879+2114493    16.47   14.99   12.97   11.80   11.14   10.93    1.73
   03380929+2735096    15.39   14.03   12.33   11.24   10.63   10.47    7.83
   03381302+2438171   -99.00   18.30   15.30   13.68   13.08   12.79    0.38
   03382258+2229589    10.67   10.10  -99.00    9.02    8.77    8.70    2.30
   03382337+2306292   -99.00   15.30   13.30   11.90   11.25   11.04    3.77
   03382478+2615238   -99.00   17.60   14.50   13.09   12.49   12.22    1.79
   03382703+2716145    17.79   16.29   13.75   12.40   11.77   11.53  -99.00
   03383419+2343074   -99.00   19.10   15.80   14.02   13.42   13.08  -99.00
   03383447+2340224   -99.00   18.90   15.80   14.02   13.43   13.10  -99.00
   03384329+2522273   -99.00   16.40   13.80   12.16   11.54   11.32    0.50
   03384573+2428040   -99.00   19.70   15.80   14.03   13.41   13.10  -99.00
   03384867+2511196   -99.00   14.10  -99.00   11.04   10.38   10.23    0.44
   03385289+2514112   -99.00   15.50  -99.00   11.42   10.77   10.61    6.77
   03385388+2425078   -99.00   15.80   13.96   12.94   12.37   12.08  -99.00
   03385415+2442158   -99.00   20.40   16.00   14.02   13.39   13.09  -99.00
   03385686+2434112    11.19   10.54  -99.00    9.36    9.05    9.04    2.99
   03390329+2629311   -99.00   16.90   14.30   13.17   12.57   12.35  -99.00
   03390811+2446145   -99.00   16.20   13.60   12.09   11.52   11.24    0.72
   03391331+2543497   -99.00   17.10   14.10   12.63   12.02   11.76  -99.00
   03391346+2427594    11.02   10.40  -99.00    9.23    9.00    8.90    2.65
   03392241+2611362   -99.00   18.20   14.90   13.60   12.97   12.73  -99.00
   03392780+2353420    12.42   11.56  -99.00    9.96    9.56    9.48    5.67
   03392897+2534560   -99.00   16.70   14.00   12.60   11.99   11.73    1.19
   03392919+2329578    15.60   14.23   12.50   11.51   10.84   10.69    2.71
   03393147+2004407    17.27   15.85   13.79   12.57   11.91   11.70  -99.00
   03393545+2407063   -99.00   15.60   13.50   12.07   11.41   11.18  -99.00
   03394111+2328235   -99.00   18.80   15.80   14.01   13.44   13.11    0.27
   03394117+2317271    10.48    9.94  -99.00    8.92    8.69    8.63  -99.00
   03394271+2354279    18.73   17.85   14.86   13.28   12.65   12.41  -99.00
   03394478+2239155   -99.00   18.20   15.40   13.62   12.98   12.73  -99.00
   03394633+2358531    18.46   16.85   14.19   12.64   12.00   11.83    1.14
   03394701+2621146   -99.00   18.20   15.20   13.57   12.99   12.73  -99.00
   03394797+2350570   -99.00   17.24   14.24   12.68   12.07   11.83  -99.00
   03394850+2346042   -99.00   18.92   15.72   14.04   13.44   13.13  -99.00
   03394970+2303265   -99.00   18.50   15.40   13.67   13.07   12.81  -99.00
   03395371+2643011    10.92   10.27  -99.00    9.00    8.78    8.66  -99.00
   03400018+2326060   -99.00   15.63   13.24   11.94   11.31   11.10    0.28
   03400180+2259207   -99.00   15.10   13.20   11.77   11.14   10.92  -99.00
   03400182+2504198   -99.00   19.40   15.80   13.85   13.27   12.90  -99.00
   03400186+2446261    18.90   17.69   14.84   13.31   12.71   12.48  -99.00
   03400307+2744259    10.11    9.62  -99.00    8.64    8.48    8.37    0.77
   03400502+2531368   -99.00   15.90   14.00   12.94   12.24   12.04  -99.00
   03400574+2611469    12.02   11.22  -99.00    9.76    9.38    9.26    6.53
   03400700+2238477   -99.00   19.20   15.60   13.92   13.29   13.05    0.48
   03400709+2413036   -99.00   19.57   16.16   14.37   13.81   13.54  -99.00
   03401091+2606410   -99.00   18.20   15.20   13.63   13.02   12.75  -99.00
   03401103+2523269   -99.00   18.30   15.30   13.78   13.21   12.89  -99.00
   03401202+2538321    13.06   12.12  -99.00   10.21    9.76    9.58    3.60
   03401273+2309359   -99.00   16.30  -99.00   12.93   12.29   12.09  -99.00
   03401479+2550056   -99.00   17.54   14.86   12.96   12.41   12.14  -99.00
   03401489+2519189   -99.00   16.00   13.60   12.34   11.69   11.51    7.83
   03401664+2755222    18.25   16.70   14.12   12.64   11.98   11.75  -99.00
   03401990+2848574    13.92   12.97   11.85   11.09   10.60   10.49  -99.00
   03402188+2604192    13.20   12.20  -99.00   10.19    9.67    9.52    7.83
   03402304+2529478   -99.00   16.84   14.24   12.53   11.95   11.66    0.93
   03402383+2304093   -99.00   18.20   15.20   13.56   12.96   12.69  -99.00
   03402418+2435042   -99.00   16.16   13.75   12.50   11.83   11.61    4.42
   03402464+2249002   -99.00   14.90   12.66   11.43   10.77   10.56    9.81
   03402560+2406003   -99.00   18.45   15.35   13.76   13.14   12.83  -99.00
   03402626+2321294   -99.00   18.20   15.20   13.51   12.93   12.67  -99.00
   03402695+2414144   -99.00   17.99   14.96   13.44   12.83   12.52  -99.00
   03402958+2333040   -99.00   14.31   12.59   11.66   10.99   10.82    9.92
   03403072+2429143    12.66   11.77  -99.00   10.08    9.66    9.56    6.72
   03403115+2508530    18.72   17.17   14.22   12.59   11.97   11.71    0.30
   03403148+2333024   -99.00   15.17   13.09   11.95   11.27   11.06    2.35
   03403257+2528409   -99.00   19.50   15.80   14.00   13.44   13.18    0.55
   03403436+2340574    11.62   10.89  -99.00    9.59    9.24    9.15    4.46
   03403532+2057569    17.58   15.98   13.59   12.19   11.52   11.30    0.53
   03403586+2609050    11.85   11.14  -99.00    9.80    9.47    9.40    4.13
   03404003+2444091   -99.00   16.20   13.73   12.81   12.20   11.93  -99.00
   03404256+2542197   -99.00   13.09   11.35   10.80   10.24   10.13    6.46
   03404324+2511554   -99.00   15.37   13.33   12.20   11.47   11.28  -99.00
   03404989+2603334    16.02   14.52   12.49   11.36   10.70   10.48  -99.00
   03405042+2325064    11.54   10.84  -99.00    9.53    9.19    9.12    4.34
   03405126+2335543    13.88   12.79   11.57   10.73   10.21   10.08    8.14
   03405180+2313508   -99.00   17.80   14.90   13.21   12.60   12.34  -99.00
   03405446+2254258   -99.00   18.70   15.60   13.89   13.31   13.00  -99.00
   03405503+2220590   -99.00   16.15   13.65   12.36   11.69   11.44    1.33
   03405604+2843393    16.87   15.37   13.28   12.00   11.33   11.13  -99.00
   03410297+2343217   -99.00   17.15   14.29   12.91   12.28   12.00  -99.00
   03411026+2545562   -99.00   17.57   14.49   13.03   12.41   12.17  -99.00
   03411094+2800411    16.22   14.67   12.57   11.42   10.74   10.53  -99.00
   03411379+2323058    15.40   14.05   12.41   11.45   10.79   10.63    9.87
   03411985+2506492   -99.00   18.20   15.10   13.66   13.08   12.83    0.60
   03411998+2237539   -99.00   16.95   14.21   12.85   12.22   11.99  -99.00
   03412467+2523060   -99.00   18.80   15.60   14.05   13.41   13.10  -99.00
   03412531+2232561   -99.00   15.90   13.89   12.59   11.95   11.70  -99.00
   03412688+2401025   -99.00   17.01   13.88   12.40   11.74   11.47  -99.00
   03412782+2342300    11.98   11.20  -99.00    9.76    9.41    9.31    5.45
   03413118+2403249   -99.00   19.00   15.80   13.95   13.34   13.07  -99.00
   03413371+2506486   -99.00   17.30   14.50   12.98   12.34   12.09  -99.00
   03413388+2311451   -99.00   20.41   16.77   15.11   14.48   14.20  -99.00
   03413616+2537095    10.69   10.10  -99.00    8.96    8.66    8.59    1.64
   03413724+2508329   -99.00   18.30   15.30   13.63   13.04   12.79  -99.00
   03413957+2345471   -99.00   14.51   12.69   11.69   11.04   10.87   11.07
   03413983+2452303   -99.00   19.70   15.90   14.24   13.65   13.36  -99.00
   03414708+2251253   -99.00   14.81   12.76   11.73   11.06   10.85   12.10
   03414895+2303235   -99.00   19.37   15.84   14.09   13.50   13.15  -99.00
   03415230+2441579   -99.00   18.90   15.60   13.93   13.35   13.05    0.35
   03415293+2407250   -99.00   18.80   15.70   14.09   13.56   13.22  -99.00
   03415366+2327288    15.39   14.00   12.23   11.15   10.39   10.25    7.23
   03415420+2543473    18.36   16.79   14.19   12.80   12.13   11.91    6.36
   03415864+2257020   -99.00   16.80   14.40   12.75   12.17   11.90  -99.00
   03415867+2342264   -99.00   14.61   12.74   11.74   11.03   10.84    7.93
   03415884+2612214    18.54   17.02   14.32   12.85   12.17   11.95  -99.00
   03415893+2519444    15.70   14.24   12.20   10.98   10.30   10.09    0.38
   03415906+2555153    13.92   12.82   11.60   10.75   10.17   10.07  -99.00
   03415973+2627399   -99.00   18.20   15.00   13.52   12.96   12.64  -99.00
   03420001+2501472   -99.00   17.19   14.66   13.04   12.44   12.16  -99.00
   03420166+2223268   -99.00   17.80   15.00   13.33   12.71   12.43  -99.00
   03420286+2412363   -99.00   16.41   13.80   12.51   11.84   11.61    0.70
   03420291+2355538    17.84   16.25   13.54   12.02   11.36   11.13  -99.00
   03420329+2432134   -99.00   16.36   13.79   12.52   11.86   11.63    2.26
   03420341+2522393   -99.00   18.10   15.00   13.35   12.73   12.44    0.30
   03420383+2442454    14.82   13.46   11.73   10.74   10.10    9.92    6.63
   03420393+2225368    12.72   11.74  -99.00    9.80    9.34    9.16    6.09
   03420414+2216510   -99.00   17.22   15.04   13.54   12.86   12.61  -99.00
   03420470+2553091   -99.00   13.01   11.70   10.78   10.18   10.09    2.90
   03420486+2539478   -99.00   15.58   13.13   11.80   11.11   10.90    0.36
   03420828+2537002   -99.00   17.80   14.60   13.04   12.41   12.16  -99.00
   03420883+2335171   -99.00   15.81   13.44   12.21   11.51   11.31    3.04
   03421059+2218057   -99.00   19.20   16.00   14.19   13.61   13.26  -99.00
   03421090+2405086    17.45   15.95   13.44   12.03   11.37   11.15    0.48
   03421536+2311311   -99.00   19.10   15.70   13.86   13.29   13.00  -99.00
   03421688+2323263   -99.00   17.83   15.22   13.49   12.82   12.57  -99.00
   03421789+2406578   -99.00   18.90   15.50   13.85   13.24   12.93  -99.00
   03421886+2359222   -99.00   14.67   13.07   12.05   11.35   11.17  -99.00
   03422153+2439527    15.89   14.48   12.66   11.58   10.93   10.72    2.99
   03422399+2128245    10.40    9.85  -99.00    8.80    8.60    8.53    2.30
   03422402+2225160    11.03   10.39  -99.00    9.12    8.87    8.76    1.59
   03422626+2351386   -99.00   19.49   16.12   14.32   13.72   13.39  -99.00
   03422627+2414078   -99.00   17.83   15.03   13.22   12.62   12.34  -99.00
   03422628+2253408    15.86   14.45   12.64   11.55   10.88   10.72    4.22
   03422730+2234248   -99.00   17.04   14.45   12.70   12.13   11.86  -99.00
   03422759+2502492    13.73   12.66  -99.00   10.74   10.20   10.06    8.41
   03422864+2501004   -99.00   16.48   14.13   12.57   11.93   11.67    1.39
   03422941+2247261    16.66   15.16   13.07   11.80   11.09   10.92    0.33
   03422949+2223460   -99.00   15.88   13.54   12.31   11.80   11.55  -99.00
   03423120+2449216   -99.00   19.10   15.80   14.02   13.45   13.13  -99.00
   03423626+2322048    19.21   17.60   14.68   13.18   12.58   12.32    1.55
   03424022+2359217    17.07   15.72   13.29   12.02   11.39   11.14    0.26
   03424189+2411583   -99.00   14.37   12.52   11.40   10.73   10.53    4.78
   03424210+2511489   -99.00   19.61   16.05   14.30   13.76   13.39    0.26
   03424238+2330103   -99.00   12.75   11.07   10.34    9.82    9.68    0.34
   03424239+2320218   -99.00   17.04   13.92   12.25   11.67   11.39  -99.00
   03424379+2532064   -99.00   16.53   14.05   12.70   12.08   11.82  -99.00
   03424436+2306164   -99.00   19.00   15.60   13.82   13.24   12.95  -99.00
   03424564+2349229   -99.00   19.50   16.11   14.30   13.69   13.40  -99.00
   03424890+2334487   -99.00   18.60   15.30   13.63   13.06   12.77  -99.00
   03424910+2410156   -99.00   17.08   13.97   12.64   12.06   11.74  -99.00
   03425399+2608163   -99.00   18.70   15.30   13.72   13.15   12.82    0.56
   03425511+2429350     9.95    9.47    8.90    8.51    8.32    8.26  -99.00
   03425653+2404581   -99.00   16.46   13.57   12.08   11.49   11.23    0.82
   03425665+2558504   -99.00   18.00  -99.00   12.82   12.30   11.96    0.57
   03425921+2254033    12.99   12.05  -99.00   10.28    9.85    9.71    7.06
   03425975+2225273    15.36   13.98   12.34   11.45   10.74   10.59  -99.00
   03430293+2440110    12.88   11.96   10.98   10.27    9.81    9.73    6.65
   03430418+2248035    16.72   15.16   12.96   11.68   11.00   10.78    0.31
   03430435+2526122   -99.00   19.00   15.70   13.82   13.17   12.88  -99.00
   03430552+2449285   -99.00   15.21   12.98   11.67   11.01   10.79    0.28
   03430649+2217494   -99.00   19.99   16.57   14.74   14.15   13.79  -99.00
   03430974+2441329    17.97   16.37   13.73   12.29   11.65   11.42    2.03
   03431156+2525231   -99.00   17.51   14.65   12.91   12.30   12.05  -99.00
   03431164+2406526   -99.00   19.50   15.90   14.07   13.46   13.16  -99.00
   03431211+2444453   -99.00   17.16   14.23   12.59   11.93   11.69  -99.00
   03431306+2439194   -99.00   16.05   13.51   12.23   11.51   11.29    0.26
   03431360+2516125    13.08   12.17   11.09   10.25    9.85    9.66    1.19
   03431573+2520296   -99.00   15.57   13.48   12.34   11.70   11.50  -99.00
   03431659+2350018   -99.00   18.48   15.32   13.28   12.64   12.40    0.77
   03431844+2640246    18.02   16.45   13.69   12.16   11.54   11.27  -99.00
   03431900+2247106   -99.00   18.30   15.40   13.63   13.05   12.76  -99.00
   03431902+2226572    12.56   11.58  -99.00    9.64    9.16    9.03    2.92
   03431905+2604441   -99.00   18.00   14.60   13.22   12.61   12.31    0.50
   03432110+2411091   -99.00   19.80   15.90   14.25   13.65   13.35  -99.00
   03432453+2313333    11.23   10.52    9.68    9.10    8.72    8.65    2.77
   03432515+2253445   -99.00   18.70   15.50   13.81   13.19   12.91  -99.00
   03432619+2602308   -99.00   16.56   14.34   12.77   12.13   11.89    1.50
   03432643+2242427   -99.00   17.30   14.60   13.16   12.52   12.27  -99.00
   03432662+2459395    13.73   12.65   11.40   10.48    9.96    9.80    6.75
   03432696+2427098   -99.00   16.89   13.71   12.31   11.68   11.42  -99.00
   03432712+2523152    12.25   11.44  -99.00    9.75    9.31    9.22    0.67
   03432743+2237413   -99.00   19.30   15.90   14.16   13.56   13.25  -99.00
   03432820+2453311   -99.00   17.53   15.04   13.04   12.39   12.17    0.77
   03432873+2409063   -99.00   20.00   15.90   14.15   13.56   13.24  -99.00
   03432988+2439237   -99.00   20.00   16.10   14.35   13.71   13.43  -99.00
   03433111+2209301    11.08   10.41  -99.00    9.09    8.82    8.78    2.48
   03433195+2340266    11.54   10.84   10.06    9.53    9.19    9.10    3.99
   03433413+2535261    18.53   16.99   14.32   12.84   12.23   12.00    1.44
   03433440+2345429    12.35   11.47  -99.00    9.86    9.48    9.37    5.34
   03433521+2524312   -99.00   16.88   14.23   12.79   12.16   11.95  -99.00
   03433656+2312343    19.60   18.00   14.93   13.26   12.66   12.37    0.31
   03433659+2327142    15.93   14.52   12.71   11.57   10.87   10.73    3.05
   03433662+2413562    15.84   14.37   12.27   10.98   10.48   10.13    0.36
   03433666+2547007   -99.00   16.83   14.23   12.89   12.28   12.05    0.35
   03433692+2423382    15.61   14.26   12.53   11.48   10.80   10.64    1.36
   03433710+2338322   -99.00   16.97   14.25   12.77   12.14   11.87  -99.00
   03433731+2524323   -99.00   16.37   13.87   12.56   11.91   11.66  -99.00
   03433772+2332096    11.42   10.73   10.00    9.53    9.19    9.12    3.89
   03433806+2636449    15.25   13.92   12.34   11.40   10.78   10.61    9.51
   03433903+2344054   -99.00   18.05   14.95   13.19   12.53   12.27    0.31
   03434152+2338568     8.26    7.92    7.51    7.20    7.07    7.03  -99.00
   03434213+2434234    17.00   15.43   13.12   11.83   11.20   10.95    0.97
   03434286+2335412    10.02    9.52    8.94    8.53    8.32    8.23  -99.00
   03434288+2551372   -99.00   19.40   15.80   14.14   13.54   13.22  -99.00
   03434320+2504504     7.67    7.52    7.36    7.21    7.24    7.17  -99.00
   03434325+2422283     8.48    8.23    7.92    7.69    7.61    7.56  -99.00
   03434371+2429157   -99.00   16.10   13.80   12.41   11.72   11.50    3.98
   03434496+2303213   -99.00   16.83   14.17   12.69   11.99   11.73    2.32
   03434707+2604355   -99.00   17.15   14.46   12.91   12.26   12.08  -99.00
   03434748+2312424    11.32   10.52  -99.00    9.03    8.68    8.55    5.09
   03434833+2500157    12.47   11.62  -99.00    9.96    9.50    9.37    0.47
   03434841+2511241    11.73   10.89    9.99    9.33    8.96    8.83    5.71
   03434844+2502369   -99.00   17.30   14.40   12.85   12.24   11.96  -99.00
   03434860+2332218    15.36   13.99   12.33   11.39   10.75   10.56    9.87
   03434901+2543466    13.20   12.24  -99.00   10.29    9.83    9.72    6.33
         dummystring  -99.00   14.49   12.68   11.69   10.98   10.83  -99.00
   03435067+2516081    10.15    9.63  -99.00    8.51    8.28    8.21  -99.00
   03435070+2414508    12.09   11.30   10.44    9.83    9.43    9.34    5.39
   03435214+2450298    15.89   14.50   12.66   11.51   10.88   10.65    3.02
   03435386+2528301    17.79   16.15   13.71   12.35   11.72   11.47    0.35
   03435569+2425350    15.67   14.30   12.55   11.51   10.82   10.65    4.53
   03435668+2515441   -99.00   15.80   13.46   12.22   11.52   11.32  -99.00
   03435669+2459367   -99.00   16.07   13.89   12.39   11.73   11.51    3.96
   03435699+2357059    18.99   17.93   14.85   13.20   12.53   12.30    0.82
   03435727+2413204   -99.00   17.57   14.71   13.21   12.61   12.37  -99.00
   03435880+2352578    10.18    9.66    9.00    8.60    8.42    8.31  -99.00
   03440026+2433250     8.26    8.06    7.85    7.63    7.62    7.58  -99.00
   03440059+2332382    11.79   11.02   10.17    9.65    9.27    9.20    4.09
   03440063+2116555    14.05   12.98   11.68   10.78   10.19   10.05    0.50
   03440167+2351462    19.17   17.22   14.38   12.82   12.26   11.99    0.78
   03440227+2503537    17.13   15.62   13.38   12.15   11.49   11.27    4.12
   03440282+2539228   -99.00   12.96   11.65   10.74   10.09   10.01    0.21
   03440353+2430151    11.39   10.71    9.91    9.40    9.12    8.95    1.48
   03440442+2459234    11.37   10.70    9.97    9.50    9.17    9.06    4.23
   03440448+2551226   -99.00   12.84   11.41   10.53    9.96    9.85    0.54
   03440484+2416318    12.51   11.63   10.67    9.94    9.49    9.39    4.77
   03440509+2529017    13.58   12.55  -99.00   10.60   10.09   10.01    6.93
   03440879+2304477    16.85   15.43   13.21   12.00   11.34   11.11    0.57
   03440930+2308471   -99.00   18.00   15.10   13.39   12.74   12.49  -99.00
   03440959+2435222   -99.00   17.09   14.37   12.96   12.34   12.06  -99.00
   03440990+2416040    17.91   16.36   13.84   12.46   11.77   11.53    1.24
   03441075+2537384   -99.00   17.98   14.97   13.34   12.71   12.47  -99.00
   03441120+2322455    12.29   11.45   10.53    9.96    9.51    9.41    2.61
   03441190+1918194    16.66   15.10   13.10   11.95   11.25   11.05    7.41
   03441213+2352375   -99.00   17.90   15.00   13.46   12.87   12.57    0.61
   03441307+2401509    11.77   10.89    9.93    9.31    8.87    8.73  -99.00
   03441391+2446457    11.49   10.79   10.02    9.53    9.17    9.06    3.93
   03441396+2532155   -99.00   16.60   13.85   12.41   11.82   11.54  -99.00
   03441466+2406065    11.36   10.48    9.43    8.70    8.45    8.31    3.18
   03441535+2619524    11.81   11.07  -99.00    9.70    9.31    9.27    4.77
   03441644+2337043   -99.00   17.69   14.60   12.74   12.12   11.89    0.37
   03441774+2426469   -99.00   16.62   14.01   12.60   11.93   11.69    0.27
   03441905+2435184    19.37   17.83   14.93   13.34   12.70   12.44    0.68
   03442008+2447461    11.26   10.60    9.85    9.34    9.00    8.90    1.48
   03442050+2446222    11.92   11.02   10.06    9.45    9.03    8.87    4.52
   03442085+2333401   -99.00   17.42   14.59   12.87   12.24   12.01  -99.00
   03442190+2446062    14.08   13.01   11.70   10.83   10.20   10.07    0.41
   03442306+2404058    15.02   13.74   12.13   10.93   10.29   10.22    0.36
   03442338+2521301    18.45   16.80   14.24   12.50   11.90   11.61    0.34
   03442354+2407575     9.52    9.04    8.43    8.08    7.81    7.77  -99.00
   03442467+2451535   -99.00   17.52   14.35   12.81   12.23   11.94  -99.00
   03442481+2446062    16.97   15.42   13.23   11.92   11.26   11.01    3.27
   03442507+2534040   -99.00   19.12   15.67   13.91   13.30   12.95  -99.00
   03442559+2440528    18.17   16.66   14.01   12.52   11.95   11.65    1.08
   03442570+2423408     8.44    8.17    7.86    7.59    7.53    7.47  -99.00
   03442627+2435229    12.44   11.60  -99.00    9.84    9.39    9.27    0.84
   03442638+2602305    16.88   15.39   12.92   11.59   10.93   10.77    1.58
   03442653+2429115   -99.00   17.94   14.71   13.01   12.41   12.08  -99.00
   03442687+2424318   -99.00   16.07   13.58   12.39   11.71   11.45    5.85
   03442729+2450382    15.44   14.02   12.07   10.91   10.25   10.02    0.40
   03442749+2414172   -99.00   18.60   15.10   13.55   12.95   12.66  -99.00
   03442800+2410176    14.53   13.32   11.80   10.84   10.15   10.02    3.79
   03442808+1911061    12.74   11.84   10.77   10.00    9.54    9.42    0.53
   03443006+2535470   -99.00   15.00  -99.00   11.88   11.18   10.97    1.79
   03443102+2215151    18.41   16.77   14.19   12.64   11.98   11.76  -99.00
   03443170+2335263   -99.00   17.69   14.89   13.10   12.45   12.20  -99.00
   03443198+2352309    15.98   14.60   12.20   11.28   10.73   10.45    0.94
   03443215+2508125   -99.00   19.30   15.90   14.27   13.59   13.37  -99.00
   03443348+2614534   -99.00   17.00   14.20   12.68   12.08   11.79  -99.00
   03443541+2400048    15.85   14.48  -99.00   11.55   10.85   10.65  -99.00
   03443589+2334421   -99.00   20.71   17.08   15.00   14.34   14.02  -99.00
   03443627+2330112    18.12   16.55   13.99   12.56   11.91   11.66  -99.00
   03443741+2508160    14.54   13.33   11.94   10.99   10.39   10.24    9.03
   03443776+2425389   -99.00   19.51   16.22   14.44   13.79   13.52  -99.00
   03443777+2255157   -99.00   14.31   12.55   11.90   11.23   11.04    0.32
   03443894+2302254   -99.00   18.30   15.10   13.39   12.80   12.50  -99.00
   03443966+2206479    11.88   11.11  -99.00    9.64    9.25    9.13  -99.00
   03444075+2449067    10.39    9.84    9.21    8.78    8.54    8.51    1.92
   03444182+2227524    11.50   10.78  -99.00    9.48    9.14    9.07  -99.00
   03444317+2552319    12.62   11.72  -99.00   10.03    9.67    9.52    6.63
   03444394+2529574    13.09   12.15  -99.00   10.39    9.86    9.74    6.77
   03444398+2413523    12.20   11.39   10.53    9.91    9.57    9.47    5.52
   03444732+2400379   -99.00   17.50   14.60   13.19   12.57   12.32  -99.00
   03444758+2636027    15.78   14.42   12.73   11.73   10.99   10.83    7.15
   03444783+2412527   -99.00   18.00   14.80   13.37   12.74   12.45  -99.00
   03444821+2417222     5.42    5.46    5.45    5.45    5.48    5.50  -99.00
   03445017+2454400    14.64   13.43   12.00   11.13   10.39   10.34    5.55
   03445123+2316082     9.26    8.86    8.37    8.18    8.01    7.98  -99.00
   03445253+2406478     3.58    3.70    3.78    4.08    4.09    3.92  -99.00
   03445301+2608313    13.49   12.45  -99.00   10.59   10.03    9.93    8.65
   03445383+2355165    11.58   10.78    9.87    9.31    8.94    8.82    2.43
   03445409+2426469   -99.00   18.50   15.10   13.62   12.98   12.75  -99.00
   03445599+2355535   -99.00   17.30   14.40   12.80   12.15   11.92  -99.00
   03445639+2425574    11.04   10.42    9.69    9.22    8.94    8.87    2.85
   03445667+2336237   -99.00   17.60   14.60   13.16   12.61   12.33  -99.00
   03445801+2324312   -99.00   18.00   14.90   13.27   12.66   12.36  -99.00
   03445857+2355410   -99.00   17.50   14.60   13.06   12.40   12.11  -99.00
   03445892+2201568     9.97    9.48  -99.00    8.52    8.35    8.28  -99.00
   03445895+2323202    15.16   13.85  -99.00   11.27   10.39   10.48    5.84
   03445947+2321184   -99.00   19.60   16.00   14.27   13.69   13.38  -99.00
   03450113+2446411   -99.00   18.00   15.00   13.44   12.83   12.57  -99.00
   03450166+1933337     9.92    9.42  -99.00    8.40    8.23    8.15  -99.00
   03450287+2505198   -99.00   18.54   15.37   13.74   13.16   12.85    0.44
   03450326+2350219    12.87   11.97   10.97   10.26    9.84    9.73  -99.00
   03450400+2515282    11.43   10.73    9.97    9.44    9.15    9.04    3.79
   03450499+2346067   -99.00   19.30   15.60   13.75   13.20   12.86  -99.00
   03450528+2342097     9.35    8.96    8.49    8.20    8.04    8.00  -99.00
   03450531+2529112   -99.00   15.99   13.77   12.38   11.72   11.48    3.17
   03450653+2415486     8.92    8.58    8.16    7.89    7.77    7.74  -99.00
   03450678+2336517   -99.00   19.40   15.40   13.59   13.01   12.66  -99.00
   03450820+2617330    12.31   11.49  -99.00    9.95    9.51    9.44    5.26
   03450867+2238306   -99.00   18.10   15.00   13.35   12.73   12.48  -99.00
   03450903+2532492   -99.00   18.20   15.20   13.66   12.99   12.72  -99.00
   03450973+2450213     5.58    5.65    5.68    5.74    5.84    5.81  -99.00
   03450987+2142165    10.52    9.95  -99.00    8.90    8.69    8.59    2.93
   03451081+2302584   -99.00   17.81   15.35   13.23   12.56   12.35  -99.00
   03451198+2435103    15.14   13.82  -99.00   11.41   10.76   10.56    4.33
   03451214+2321532   -99.00   17.64   14.91   13.15   12.52   12.24    2.99
   03451242+2241511   -99.00   17.80   15.00   13.19   12.53   12.27  -99.00
   03451250+2428021     4.20    4.30    4.37    4.67    4.59    4.50  -99.00
   03451260+2353453   -99.00   20.41   16.55   14.83   14.21   13.88  -99.00
   03451313+2415238   -99.00   19.80   15.60   14.08   13.44   13.17  -99.00
   03451352+2505159    14.44   13.33   11.94   11.03   10.40   10.22    0.53
   03451392+2635182    12.92   12.02  -99.00   10.39    9.93    9.81    6.44
   03451421+2505196    15.77   13.60  -99.00   11.66   10.93   10.78    0.53
   03451534+2517221    12.04   11.26   10.35    9.71    9.32    9.23    5.20
   03451581+2506369   -99.00   15.61   13.27   11.87   11.22   11.03  -99.00
   03451612+2407162   -99.00   16.00   13.63   12.48   11.85   11.63    2.19
   03451664+2434325    17.75   16.18   13.70   12.32   11.65   11.43    0.85
   03451698+2515478    17.85   16.20   13.52   12.03   11.42   11.18    0.69
   03451814+2505583    15.73   14.37   12.65   11.47   10.79   10.65    5.75
   03452085+2455194     9.44    9.00    8.43    8.08    7.93    7.84  -99.00
   03452118+2343389    13.88   12.68   11.24   10.15    9.61    9.40    0.43
   03452167+2432373   -99.00   17.60   14.60   13.25   12.62   12.31  -99.00
   03452219+2328182    13.42   12.40   11.28   10.47    9.96    9.85    7.50
   03452349+2451029    16.81   15.28   13.14   11.93   11.21   11.04    1.25
   03452412+2453095    10.17    9.65    9.05    8.69    8.57    8.42  -99.00
   03452597+2325487    12.98   12.04   10.91   10.32    9.82    9.70  -99.00
   03452613+2402065     8.26    8.05    7.78    7.56    7.50    7.46  -99.00
   03452655+2231322   -99.00   17.40   14.70   13.10   12.56   12.25    1.21
   03452697+2413267   -99.00   18.60   15.80   14.22   13.59   13.29  -99.00
   03452750+2337572   -99.00   18.80   15.70   14.11   13.54   13.26  -99.00
   03452772+2310134   -99.00   16.88   14.25   12.63   11.95   11.69  -99.00
   03452888+2728076    17.40   15.84   13.37   12.07   11.45   11.19  -99.00
   03452957+2345379    14.94   13.64   12.12   10.97   10.40   10.34    7.09
   03453021+2418455   -99.00   15.74   13.35   12.05   11.35   11.13    2.20
   03453293+2418116    14.91   13.52   12.02   11.06   10.40   10.22    0.40
   03453445+2427478     8.94    8.59    8.33    7.85    7.71    7.67  -99.00
   03453539+2404595    10.73   10.11    9.37    8.92    8.67    8.56    0.29
   03453671+2439068   -99.00   16.66   13.83   12.26   11.60   11.35    0.33
   03453777+2420083     7.38    7.22    6.96    6.72    6.63    6.63  -99.00
   03453903+2513278   -99.00   14.76   12.75   11.85   11.12   10.94  -99.00
   03453928+2408206   -99.00   18.90   15.50   13.96   13.34   13.06  -99.00
   03453940+2345154    13.47   12.32   10.83    9.77    9.22    9.01    0.83
   03454016+2437380    10.27    9.71    9.05    8.62    8.34    8.29    0.53
   03454138+2417189     9.99    9.46    8.79    8.36    8.12    8.04  -99.00
   03454168+2541125    16.77   15.30   13.00   11.78   11.07   10.88    0.38
   03454184+2425534    12.07   11.30   10.42    9.80    9.53    9.40    5.23
   03454211+2454215    10.15    9.50    8.82    8.29    8.04    7.94    0.92
   03454244+2503255    14.46   13.40   12.11   11.27   10.65   10.50    2.77
   03454317+2602267   -99.00   17.50   14.70   13.25   12.56   12.33  -99.00
   03454407+2404268    15.63   14.23   12.51   11.51   10.83   10.64    3.84
   03454440+2413132    11.27   10.56    9.77    9.26    8.85    8.75    3.16
   03454692+2144493   -99.00   19.10   15.50   13.77   13.16   12.82  -99.00
   03454881+2308498     6.89    6.85    6.78    6.70    6.73    6.82  -99.00
   03454893+2351103    15.74   14.27   12.51   11.50   10.85   10.70    0.90
   03454960+2422037     3.80    3.87    3.88    4.06    4.12    3.99  -99.00
   03455048+2352262    15.00   13.66   12.09   10.86   10.40   10.17    7.15
   03455163+2402200     8.08    7.88    7.63    7.46    7.36    7.33  -99.00
   03455194+2510019   -99.00   18.70   15.20   13.68   13.05   12.81    0.65
   03455258+2555000   -99.00   17.03   14.63   12.83   12.18   11.90  -99.00
   03455264+2551422    16.76   15.27   12.86   11.57   10.95   10.71  -99.00
   03455274+2327543   -99.00   18.08   15.08   13.26   12.59   12.33  -99.00
   03455376+2428088    16.72   15.23   12.81   11.46   10.82   10.57  -99.00
   03455447+2433162     5.72    5.76    5.74    5.76    5.83    5.78  -99.00
   03455695+2301292   -99.00   17.90   15.10   13.41   12.80   12.58    0.57
   03455879+2620019   -99.00   20.40   15.90   14.09   13.49   13.18  -99.00
   03455918+2348470   -99.00   18.70   15.50   13.96   13.35   13.08  -99.00
   03460091+2212297   -99.00   20.46   16.83   14.82   14.21   13.89  -99.00
   03460223+2536407   -99.00   16.04   13.67   12.14   11.58   11.31  -99.00
   03460275+2344146    13.86   12.61   11.05    9.92    9.45    9.26    3.93
   03460288+2431403     6.41    6.43    6.41    6.40    6.48    6.43  -99.00
   03460366+2552290   -99.00   18.20   15.10   13.57   12.93   12.70  -99.00
   03460381+2527108    15.94   14.51   12.69   11.64   10.98   10.77    4.34
   03460412+2324199    14.00   12.78   11.62   10.54   10.01    9.84    0.58
   03460429+2355408   -99.00   16.70   13.90   12.77   12.07   11.82  -99.00
   03460524+2258539   -99.00   14.21   12.34   11.33   10.65   10.50    8.60
   03460562+2436444   -99.00   15.81   13.50   12.35   11.66   11.44  -99.00
   03460644+2525116   -99.00   17.60   15.10   13.80   13.27   12.84  -99.00
   03460649+2434027    13.86   12.79   11.59   10.79   10.24   10.11    7.06
   03460651+2350204   -99.00   15.20   13.10   11.95   11.15   10.92    3.56
   03460664+2223337    17.42   15.97   13.48   12.07   11.42   11.17  -99.00
   03460689+2433461    14.13   13.05   11.75   10.91   10.34   10.29    7.04
   03460750+2422278    16.04   14.71   12.83   11.71   11.04   10.86    5.17
   03460776+2452004    13.10   12.08   10.87   10.06    9.52    9.36    6.83
   03460836+2320510    15.02   13.79   12.26   11.26   10.41   10.40  -99.00
   03460949+2608197    12.93   11.88  -99.00    9.97    9.42    9.30    8.07
   03460958+2242374   -99.00   17.30   14.64   12.78   12.15   11.90  -99.00
   03460989+2440250    16.72   15.20   12.81   11.47   10.85   10.59    2.00
   03461005+2320240    10.76   10.15    9.46    8.97    8.70    8.66    2.85
   03461008+2600092   -99.00   19.30   15.80   14.15   13.47   13.24  -99.00
   03461174+2437203    12.58   11.71  -99.00   10.06    9.63    9.55    5.91
   03461268+2307428     9.26    8.66    8.00    7.57    7.33    7.28  -99.00
   03461286+2403158    15.46   14.20   12.48   11.43   10.78   10.60    1.39
   03461384+2242198   -99.00   18.30   15.00   13.37   12.79   12.46  -99.00
   03461583+2202410    18.32   16.71   14.22   12.77   12.11   11.84  -99.00
   03461600+2411234     8.29    7.97    7.57    7.29    7.18    7.11  -99.00
   03461793+2441095   -99.00   16.20   13.90   12.56   11.91   11.69    5.49
   03461799+2329119    11.42   10.58    9.59    8.91    8.59    8.50    4.08
   03461933+2052472    12.39   11.55  -99.00    9.99    9.61    9.52    5.93
   03461942+2602357   -99.00   14.74   12.82   11.81   11.15   10.97    8.99
   03461958+2356541     4.12    4.18    4.16    4.23    4.31    4.22  -99.00
   03461984+2459015   -99.00   17.40   14.40   12.84   12.19   11.97    0.34
   03462047+2447077    15.30   13.96   12.34   11.34   10.69   10.54    6.58
   03462135+2433525   -99.00   18.90   15.70   13.98   13.35   13.07  -99.00
   03462267+2434126    11.06   10.41    9.71    9.27    8.99    8.92    3.09
   03462346+2401514   -99.00   18.50   15.10   13.69   13.09   12.85  -99.00
   03462372+2634234   -99.00   18.60   15.20   13.70   13.13   12.84    0.61
   03462462+2428465   -99.00   18.30   14.80   13.41   12.78   12.54    0.89
   03462517+2126176    18.62   17.01   14.10   12.37   11.75   11.52  -99.00
   03462538+2409365   -99.00   15.83   13.37   12.02   11.37   11.14    0.32
   03462699+2427141   -99.00   17.10   14.20   12.94   12.25   12.05  -99.00
   03462728+2415181     7.51    7.40    7.28    7.12    7.11    7.12  -99.00
   03462735+2508080    11.17   10.52    9.81    9.37    9.06    8.99    1.72
   03462768+2348457   -99.00   19.10   15.20   13.70   13.02   12.65  -99.00
   03462777+2335337    14.23   13.02   11.52   10.59   10.01    9.82    5.22
   03462816+2248581   -99.00   19.70   15.80   14.15   13.51   13.23  -99.00
   03462841+2426021    11.85   11.10   10.26    9.64    9.27    9.16    1.32
   03462862+2445323    15.73   14.34   12.59   11.51   10.82   10.65    9.41
   03463101+2301348   -99.00   19.77   16.47   14.62   14.00   13.73  -99.00
   03463117+2407025    15.60   14.21   12.39   11.29   10.65   10.34    2.42
   03463131+2218198   -99.00   18.10   15.20   13.38   12.82   12.50  -99.00
   03463267+2220178   -99.00   17.53   15.18   13.62   12.88   12.65  -99.00
   03463287+2318191    16.03   14.61   12.72   11.64   10.95   10.78    6.80
   03463420+2337264     8.53    8.16    7.65    7.24    7.12    7.07  -99.00
   03463532+2324424    16.25   14.77   12.85   11.69   10.97   10.72    0.74
   03463552+2401355   -99.00   19.00   15.40   13.69   13.11   12.78  -99.00
   03463590+2358013    15.42   14.02  -99.00   11.51   10.83   10.66    5.45
   03463606+2304174   -99.00   17.70   15.01   12.91   12.30   12.05  -99.00
   03463726+2420366    13.35   12.25   10.97   10.12    9.52    9.40    7.50
   03463767+2347159    10.93   10.20    9.43    8.93    8.58    8.53  -99.00
   03463777+2444517    12.75   11.83   10.89   10.22    9.78    9.67    0.87
   03463839+2255112     9.92    9.42    8.84    8.48    8.29    8.15  -99.00
   03463878+2457346    10.86   10.25    9.55    9.10    8.85    8.76    2.32
   03463889+2431132    14.48   13.29   11.89   11.10   10.48   10.27    7.96
   03463932+2406116     9.75    9.29    8.75    8.43    8.23    8.19  -99.00
   03463938+2401468    13.30   12.32   11.24   10.45    9.99    9.86    6.42
   03463999+2306373     9.85    9.37    8.83    8.47    8.28    8.24  -99.00
   03464024+2329520    13.18   12.18   10.93   10.03    9.50    9.34    0.52
   03464025+2543536   -99.00   17.11   14.46   12.93   12.27   12.02  -99.00
   03464026+2455517    15.48   14.09   12.30   11.09   10.56   10.38    5.06
   03464317+2337222   -99.00   18.90   15.70   14.09   13.40   13.10  -99.00
   03464358+2359425    17.67   16.12   13.77   12.47   11.86   11.57  -99.00
   03464477+2444586   -99.00   19.50   15.90   14.22   13.63   13.35  -99.00
   03464576+2527304    18.43   16.87   14.21   12.81   12.19   11.96  -99.00
   03464706+2254525    11.12   10.48    9.77    9.31    9.03    8.93    3.00
   03464718+2520534   -99.00   18.70   15.00   13.41   12.77   12.53    0.33
   03464831+2418060    17.77   16.24   13.57   12.56   11.92   11.72    3.70
   03464878+2304074   -99.00   16.04   13.83   12.33   11.69   11.42    0.28
   03464920+2436001    16.63   15.10   13.05   11.90   11.20   11.00    8.22
   03465008+2331563   -99.00   17.80   14.80   13.23   12.66   12.39    2.14
   03465053+2314211    10.48    9.94    9.27    8.87    8.59    8.55  -99.00
   03465259+2338433   -99.00   18.50   14.80   13.18   12.48   12.20  -99.00
   03465326+2252513    12.62   11.74  -99.00   10.23    9.82    9.72    6.15
   03465360+2417151   -99.00   16.27   13.53   12.06   11.46   11.21    0.66
   03465373+2335009    11.17   10.55    9.85    9.35    9.09    9.00  -99.00
   03465403+2514449    17.84   16.19   13.76   12.41   11.71   11.49    2.69
   03465491+2447468    11.13   10.49    9.79    9.27    9.01    8.98  -99.00
   03465530+2322495   -99.00   19.40   15.80   14.19   13.59   13.33  -99.00
   03465576+2356243   -99.00   18.40   14.70   13.23   12.60   12.31  -99.00
   03465709+2315025   -99.00   15.47   13.24   12.01   11.35   11.13    1.21
   03465815+2333391   -99.00   18.10   15.20   13.68   13.08   12.85  -99.00
   03465931+2401429   -99.00   17.60   14.40   13.01   12.40   12.11    0.46
   03465940+2431124     6.85    6.83    6.76    6.70    6.73    6.69  -99.00
   03465947+2452464   -99.00   18.40   14.90   13.22   12.65   12.35    0.34
   03470029+2428248   -99.00   17.80   14.80   13.16   12.55   12.25  -99.00
   03470141+2329419    12.28   11.45   10.58   10.04    9.64    9.53    5.97
         dummystring    8.63    8.27    7.83    7.54    7.37    7.33  -99.00
   03470358+2409349    15.92   14.56   12.72   11.60   10.89   10.72    0.30
   03470376+2336588    17.03   15.35   12.89   11.56   10.85   10.60    2.47
   03470379+2011452    16.06   14.62   12.69   11.52   10.82   10.68    8.94
   03470421+2359426     8.66    8.36    8.02    7.77    7.66    7.64  -99.00
   03470474+2522502    17.91   16.35   13.61   12.18   11.53   11.26    0.47
   03470678+2342546    13.33   12.33   11.25   10.42    9.99    9.84    7.63
   03470734+2313349    14.71   13.52   12.09   11.18   10.27   10.40    0.39
   03470813+2418246   -99.00   16.95   14.26   12.78   12.18   11.90    1.83
   03470853+2342389    14.86   13.51  -99.00   10.72   10.10    9.90    2.65
   03470941+2415349   -99.00   19.71   16.26   14.48   13.92   13.56  -99.00
   03470943+2344318    16.69   15.22   12.85   11.55   10.92   10.66    1.21
   03471005+2416360     9.93    9.46    8.92    8.53    8.33    8.28  -99.00
   03471102+2413517   -99.00   19.34   16.03   14.31   13.69   13.39    0.40
   03471185+2413539   -99.00   19.52   15.89   14.06   13.48   13.13  -99.00
   03471352+2342515    13.55   12.53   11.43   10.62   10.15   10.01    8.18
   03471365+2349535    17.13   15.78   13.31   11.94   11.34   11.09    0.53
   03471480+2522186    12.48   11.63  -99.00   10.05    9.52    9.52    4.15
   03471528+2506554   -99.00   16.48   13.82   12.39   11.76   11.48  -99.00
   03471537+2326061   -99.00   18.10   15.00   13.43   12.86   12.50  -99.00
   03471656+2407420     9.11    8.64    8.09    7.77    7.54    7.49  -99.00
   03471806+2423267    13.85   12.70   11.33   10.49    9.83    9.72    4.56
   03471814+2402114    15.42   14.02   12.14   11.02   10.27   10.19    2.09
   03471935+2408208     8.52    8.27    7.97    7.77    7.63    7.64  -99.00
   03472083+2505123   -99.00   15.93   13.52   12.11   11.36   11.14    1.37
   03472088+2531331    10.41    9.85  -99.00    8.72    8.46    8.44    0.84
   03472096+2348121     7.07    7.04    7.01    6.85    6.92    6.89  -99.00
   03472103+2406586     6.34    6.32    6.30    6.23    6.25    6.26  -99.00
   03472183+2553525   -99.00   15.20   13.10   11.93   11.23   11.03  -99.00
   03472192+2622476   -99.00   18.20   14.90   13.47   12.89   12.56  -99.00
   03472267+2344071   -99.00   17.50  -99.00   13.31   12.69   12.44  -99.00
   03472289+2255196     8.38    8.12    7.83    7.62    7.54    7.52  -99.00
   03472296+2450562   -99.00   17.16   14.36   12.69   12.10   11.85  -99.00
   03472322+2214403    15.93   14.54   12.72   11.68   11.02   10.84    4.95
   03472385+2308571   -99.00   17.33   14.51   12.94   12.32   12.07    1.66
   03472405+2435184     7.92    7.71    7.45    7.15    7.04    7.00  -99.00
   03472440+2354529     7.31    7.24    7.11    7.14    7.16    7.14  -99.00
   03472511+2415173   -99.00   19.10   15.10   13.93   13.35   13.06  -99.00
   03472578+2508330    18.68   16.91   13.98   12.36   11.71   11.45    0.12
   03472583+2220576    16.53   14.98   12.22   11.21   10.57   10.37  -99.00
   03472676+2338027   -99.00   17.80   14.70   13.14   12.58   12.29  -99.00
   03472682+2340421     7.95    7.79    7.61    7.41    7.37    7.34  -99.00
   03472810+2326536   -99.00   17.11   14.32   12.81   12.14   11.90  -99.00
   03472878+2222356   -99.00   14.60   12.55   11.44   10.79   10.60    1.29
   03472908+2406184     2.78    2.87    2.88    2.73    2.73    2.64  -99.00
   03472945+2417180     6.90    6.83    6.74    6.64    6.64    6.61  -99.00
   03473057+2616448   -99.00   17.00   14.40   12.92   12.26   12.04  -99.00
   03473059+2422141   -99.00   15.87   13.60   12.25   11.57   11.37    2.78
   03473345+2341330    17.21   15.74   13.16   11.76   11.13   10.93    0.60
   03473367+2441032    13.94   12.86   11.62   10.81   10.24   10.13    8.41
   03473415+2543061   -99.00   17.70   14.80   13.28   12.67   12.43  -99.00
   03473416+2144486    13.46   12.43  -99.00   10.53   10.01    9.90    7.60
   03473520+2532382   -99.00   14.62   12.77   11.70   11.02   10.83  -99.00
   03473585+2452269   -99.00   18.78   15.31   13.66   13.09   12.84    0.42
   03473603+2328270   -99.00   19.20   15.90   14.15   13.55   13.28  -99.00
   03473800+2328051    14.77   13.51   12.10   11.08   10.54   10.32    8.37
   03473804+2449110   -99.00   16.35   13.86   12.57   11.94   11.70  -99.00
   03473806+2453306    15.55   14.22   12.50   11.46   10.78   10.61    0.58
   03473935+2427322   -99.00   17.56   14.74   13.05   12.44   12.16    0.52
   03473977+2300047   -99.00   18.73   15.68   14.13   13.55   13.22  -99.00
   03474037+2418071    15.31   13.97   12.30   11.14   10.52   10.34    0.31
   03474044+2421525    11.17   10.51    9.79    9.34    9.07    8.95    3.25
   03474097+2255480    13.58   12.49   11.14   10.06    9.51    9.36    0.45
   03474117+2344251    15.26   13.98   12.37   11.38   10.75   10.57    0.78
   03474143+2358190    14.85   13.58   12.11   11.07   10.46   10.31    0.48
   03474464+2212443   -99.00   20.00   16.45   14.78   14.18   13.83  -99.00
   03474464+2342033   -99.00   18.20   15.14   13.57   12.94   12.70  -99.00
   03474638+2403025    17.26   15.73   13.47   12.19   11.53   11.33  -99.00
   03474785+2513345   -99.00   18.03   14.70   13.01   12.38   12.09  -99.00
   03474792+2233200    16.82   15.25   12.81   11.44   10.79   10.54    0.35
   03474811+2313053    11.92   11.15   10.33    9.76    9.44    9.32    5.06
   03474977+2425433   -99.00   18.18   15.23   13.54   12.94   12.69  -99.00
   03475094+2430188    17.72   16.13   13.78   12.35   11.68   11.47    1.42
   03475195+2339482   -99.00   19.00   15.55   13.90   13.32   13.07  -99.00
   03475252+2356286    10.41    9.87    9.24    8.85    8.64    8.57  -99.00
   03475286+2259341   -99.00   17.64   14.96   13.04   12.44   12.16  -99.00
   03475415+2239258   -99.00   18.20   15.30   13.74   13.17   12.88  -99.00
   03475526+2319060   -99.00   17.33   14.70   13.00   12.36   12.15    1.37
   03475664+2631512   -99.00   15.80   13.30   11.90   11.29   11.03  -99.00
   03475759+2637454    12.61   11.72  -99.00   10.13    9.71    9.61    6.46
   03475973+2443528    14.71   13.51   12.00   10.95   10.32   10.16    0.74
   03475974+2238305   -99.00   16.70   13.90   11.84   11.31   11.00  -99.00
   03480497+2324138   -99.00   20.17   16.57   14.85   14.25   13.94  -99.00
   03480571+2238096   -99.00   17.90   15.00   13.28   12.71   12.40  -99.00
   03480581+2302030    17.85   16.16   13.74   12.43   11.79   11.55    1.56
   03480664+2400069   -99.00   18.00   15.02   13.42   12.85   12.54  -99.00
   03480718+2408315     9.83    9.28    8.64    8.22    7.99    7.94  -99.00
   03480767+2518552    15.21   13.94   12.31   11.17   10.50   10.34    0.45
   03480796+2344238   -99.00   17.30   14.50   13.03   12.43   12.18    0.51
   03480881+2501458    17.71   16.19   13.65   12.20   11.48   11.25  -99.00
   03480894+2342235   -99.00   18.40   15.26   13.61   13.01   12.77  -99.00
   03480921+2358409   -99.00   17.90   15.10   13.52   12.90   12.65  -99.00
   03481017+2300041    15.94   14.55   12.84   11.81   11.17   11.00    6.48
   03481031+1918092    14.30   13.10   11.75   10.94   10.35   10.22    4.26
   03481098+2330253    15.47   14.10   12.48   11.53   10.87   10.69    1.15
   03481244+2635017   -99.00   13.80  -99.00   11.15   10.49   10.36    4.70
   03481330+2358471    18.85   17.81   14.83   13.27   12.67   12.39  -99.00
   03481354+2419063     8.63    8.27    7.83    7.53    7.39    7.35  -99.00
   03481377+2337596   -99.00   17.72   14.79   13.01   12.39   12.11    1.83
   03481523+2326056   -99.00   17.60   14.90   13.42   12.79   12.56  -99.00
   03481526+2342036   -99.00   16.80   14.10   12.67   12.04   11.78  -99.00
   03481608+2335155   -99.00   18.90   15.30   13.56   12.98   12.65  -99.00
   03481636+2620059   -99.00   17.50  -99.00   13.20   12.57   12.29  -99.00
   03481642+2232405    16.07   14.67   12.75   11.55   10.90   10.69    0.21
   03481662+2630120   -99.00   18.20   15.00   13.42   12.85   12.55  -99.00
   03481686+2512546     9.60    9.13    8.55    8.14    7.91    7.86  -99.00
   03481691+2338125    10.69   10.13    9.48    9.04    8.82    8.74  -99.00
   03481712+2353253    11.02   10.40    9.72    9.26    8.98    8.89    3.85
   03481729+2430160    15.69   14.29  -99.00   11.51   10.86   10.69    5.60
   03481736+2348239   -99.00   18.40   15.26   13.65   13.09   12.78  -99.00
   03481760+2204013   -99.00   17.80   15.10   13.45   12.86   12.61  -99.00
   03481769+2502523    11.66   10.94   10.15    9.59    9.26    9.16    4.49
   03481983+2336121    17.66   16.12   13.74   12.39   11.71   11.47    0.52
   03482028+2454552    18.77   17.09   14.11   12.49   11.86   11.60  -99.00
   03482081+2325165     5.38    5.45    5.46    5.50    5.59    5.56  -99.00
   03482264+2252217    17.64   16.14   13.67   12.34   11.73   11.48  -99.00
   03482269+2327431   -99.00   18.50   15.20   13.64   13.03   12.81  -99.00
   03482276+2358212    16.34   14.84   12.66   11.39   10.76   10.51    2.47
   03482280+2448537   -99.00   17.10   14.48   12.89   12.28   12.02  -99.00
   03482323+2839359    15.97   14.57   12.60   11.41   10.72   10.56  -99.00
   03482481+2224262    16.99   15.44   13.03   11.71   11.11   10.86  -99.00
   03482523+2414262   -99.00   17.63   14.44   12.85   12.25   11.99  -99.00
   03482550+2212417    15.26   14.02   12.48   11.38   10.78   10.60    0.40
   03482603+2514411    17.02   15.46   13.25   11.96   11.33   11.09    1.63
   03482616+2402544    10.57   10.01    9.39    8.98    8.72    8.66  -99.00
   03482658+2311299   -99.00   17.87   14.45   12.19   11.60   11.36    0.46
   03482802+2318027    13.69   12.66   11.43   10.52    9.96    9.84    0.24
   03482975+2358060   -99.00   19.30   15.50   13.92   13.30   13.02  -99.00
   03483009+2420441     7.08    6.95    6.79    6.61    6.59    6.56  -99.00
   03483104+2416535    17.56   15.97   13.58   12.25   11.60   11.34  -99.00
    03483183+2401590  -99.00   18.30   15.10   13.73   13.12   12.85    0.49
   03483377+2401591   -99.00   18.20   15.43   13.78   13.18   12.93  -99.00
   03483451+2326053    10.95   10.34    9.66    9.20    8.98    8.87    2.89
   03483480+2410523     9.52    9.05    8.45    8.06    7.85    7.77  -99.00
   03483518+2253425   -99.00   20.70   17.02   14.80   14.10   13.75  -99.00
   03483548+2412033   -99.00   19.67   16.12   14.10   13.49   13.21    0.52
   03483764+2246095    16.01   14.57   12.69   11.50   10.82   10.65    4.15
   03483990+2412430   -99.00   16.68   14.12   12.72   12.04   11.85  -99.00
   03484042+2436342   -99.00   17.71   15.09   13.20   12.60   12.33  -99.00
   03484097+2314176   -99.00   17.66   14.91   12.88   12.33   12.03  -99.00
   03484213+2500285    18.24   16.61   14.04   12.59   11.95   11.72  -99.00
   03484267+2427197   -99.00   19.29   16.09   14.37   13.81   13.49  -99.00
   03484312+2632213   -99.00   17.70   14.80   13.25   12.62   12.38  -99.00
   03484389+2315354     8.65    8.39    8.05    7.76    7.70    7.63  -99.00
   03484542+2320201    14.77   13.55   12.08   11.06   10.38   10.38    3.88
   03484567+2542018   -99.00   16.90   14.20   12.63   11.97   11.68  -99.00
   03484600+2410128   -99.00   18.00   15.18   13.52   12.93   12.66  -99.00
   03484877+2324483   -99.00   19.70   15.80   14.06   13.47   13.21  -99.00
   03484894+2416027    11.78   10.93   10.01    9.33    8.91    8.81    5.07
   03484932+2358383    13.61   12.65   11.50   10.66   10.13    9.99    0.55
   03485043+2244302   -99.00   21.24   17.51   15.09   14.49   14.13  -99.00
   03485065+2304303   -99.00   19.20   15.60   13.99   13.42   13.11  -99.00
   03485154+2412174    17.55   16.09   13.60   12.19   11.51   11.26  -99.00
   03485564+2421404   -99.00   20.60   16.85   15.04   14.43   14.10  -99.00
   03485703+2636541    16.91   15.35   12.97   11.55   10.93   10.70  -99.00
   03485734+2419438   -99.00   16.00   13.34   11.91   11.32   11.01  -99.00
   03485827+2305393   -99.00   16.20   14.00   12.54   11.91   11.67  -99.00
   03485848+2312044    12.41   11.54   10.59    9.91    9.52    9.38    3.04
   03485896+2506142    15.26   13.91   12.33   11.41   10.74   10.57   12.02
   03490097+2454102   -99.00   17.11   14.40   12.69   12.07   11.81  -99.00
   03490100+2258496    16.94   15.39   13.23   12.03   11.35   11.15    8.41
   03490148+2411383   -99.00   17.70   14.90   13.37   12.77   12.51    0.41
   03490232+2315088    12.56   11.71   10.80   10.14    9.76    9.66    3.06
   03490585+2344232    16.76   15.31   12.94   11.64   11.00   10.79    0.59
   03490591+2306222   -99.00   17.52   14.94   13.13   12.49   12.24  -99.00
   03490610+2346525    11.69   10.87    9.89    9.17    8.72    8.60    0.78
   03490883+2553488   -99.00   16.07   13.57   12.31   11.68   11.38    0.40
   03490974+2403121     3.53    3.62    3.65    3.80    3.86    3.88  -99.00
   03491102+2420513   -99.00   17.43   14.64   13.05   12.42   12.18    2.01
   03491121+2408120     5.01    5.09    5.08    5.09    5.07    4.94  -99.00
   03491123+2210364    15.11   13.80   12.10   10.89   10.29   10.10    5.60
   03491127+2333189    15.60   14.23   12.50   11.41   10.77   10.57    1.42
   03491172+2438117    11.06   10.44    9.74    9.25    9.03    8.95    4.67
   03491219+2353126     8.35    8.13    7.88    7.67    7.60    7.58  -99.00
   03491230+2313421    15.85   14.48   12.66   11.53   10.90   10.72    5.32
   03491264+2542075   -99.00   17.11   14.47   12.60   11.95   11.70  -99.00
   03491537+2434022    15.78   14.42   12.55   11.34   10.67   10.49    0.40
   03491561+2322495   -99.00   19.47   16.05   14.34   13.71   13.41  -99.00
   03491640+2403491   -99.00   15.00  -99.00   11.69   11.02   10.75  -99.00
   03491679+2423461     7.57    7.46    7.34    7.28    7.29    7.26  -99.00
   03491680+2400588   -99.00   18.10   14.40   13.09   12.58   12.24  -99.00
   03492029+2525426   -99.00   17.40   14.80   13.21   12.60   12.33  -99.00
   03492055+2549048    15.32   13.97   12.34   11.32   10.67   10.49    6.68
   03492059+2446360    13.61   12.60   11.40   10.62   10.03    9.93    0.56
   03492124+2441411   -99.00   20.30   16.10   14.41   13.79   13.51  -99.00
   03492148+2339066   -99.00   17.15   14.41   12.83   12.24   11.98    0.34
   03492173+2422515     6.55    6.57    6.57    6.60    6.63    6.65  -99.00
   03492191+2454435   -99.00   17.48   15.23   13.62   13.05   12.75  -99.00
   03492214+2547379   -99.00   18.00   15.10   13.46   12.81   12.57  -99.00
   03492405+2350214    12.13   11.35  -99.00    9.85    9.48    9.38    5.82
   03492559+2302503   -99.00   18.92   15.72   14.09   13.47   13.21  -99.00
   03492570+2456154    11.81   10.94   10.00    9.28    8.94    8.81  -99.00
   03492598+2414516     8.17    7.99    7.79    7.59    7.55    7.51  -99.00
   03492662+2250548   -99.00   18.23   15.22   13.40   12.72   12.51    0.98
   03492757+2424138   -99.00   18.10   15.22   13.55   12.94   12.68  -99.00
   03492763+2431542   -99.00   15.97   13.52   12.12   11.48   11.26    0.54
   03492873+2342440    12.17   11.35   10.50    9.91    9.54    9.43    2.93
   03492980+2338555   -99.00   18.30   15.20   13.56   12.96   12.70  -99.00
   03493121+2341199   -99.00   18.60   15.40   13.64   13.02   12.76  -99.00
   03493253+2355426   -99.00   17.91   15.27   13.33   12.73   12.44    0.78
   03493256+2324412   -99.00   17.92   14.85   13.21   12.64   12.35  -99.00
   03493272+2322494     9.58    9.14    8.63    8.26    8.10    8.04  -99.00
   03493279+2547471   -99.00   18.30   15.00   13.50   12.93   12.62    0.41
   03493302+2432027    18.10   16.58   13.99   12.62   11.96   11.74    1.59
   03493312+2347435    11.65   10.93   10.19    9.60    9.29    9.21    4.88
   03493491+2327169   -99.00   13.92   12.19   11.24   10.58   10.42    1.29
   03493527+2559350   -99.00   18.30   15.30   13.54   12.93   12.69    0.27
   03493544+2223265   -99.00   18.80   15.60   13.94   13.32   13.06  -99.00
   03493587+2209053   -99.00   13.40  -99.00   10.87   10.22   10.02    0.25
   03493610+2356234   -99.00   17.46   14.76   13.19   12.55   12.28    0.62
   03493629+2602166   -99.00   20.40   16.20   14.36   13.79   13.44  -99.00
   03493651+2418144   -99.00   17.23   14.68   13.32   12.70   12.43    0.68
   03493653+2417460    12.31   11.49   10.63   10.03    9.63    9.55    6.22
   03493939+2317244    11.86   11.10  -99.00    9.69    9.36    9.26    5.03
   03494092+2320298     8.35    8.14    7.91    7.70    7.66    7.65  -99.00
   03494133+2608535   -99.00   16.70   14.40   12.82   12.16   11.95  -99.00
   03494227+2427470    13.14   12.19   11.17   10.35    9.91    9.78    7.29
   03494353+2342427     6.12    6.17    6.18    6.16    6.22    6.22  -99.00
   03495035+2342202    12.33   11.49   10.63   10.07    9.70    9.60    6.93
   03495179+2118264    17.19   15.63   13.17   11.81   11.16   10.92    0.37
   03495291+2538509    10.09    9.57  -99.00    8.49    8.33    8.25  -99.00
   03495577+2444317    17.74   16.26   13.74   12.42   11.80   11.57  -99.00
   03495648+2313071    10.87   10.27    9.58    9.15    8.85    8.80    2.12
   03495660+2420566     7.63    7.55    7.48    7.35    7.37    7.35  -99.00
         dummystring    6.78    6.72    6.59    6.55    6.59    6.51  -99.00
   03495833+2342340   -99.00   15.92   13.69   12.47   11.83   11.57    1.34
   03500064+2523558    14.60   13.29   11.67   10.63    9.99    9.85    2.35
   03500156+2524019   -99.00   15.83   13.70   12.27   11.72   11.46    2.35
   03500186+2512412   -99.00   17.64   15.00   13.28   12.66   12.42  -99.00
   03500390+2358341   -99.00   17.30   14.70   13.31   12.73   12.48  -99.00
   03500423+2310447   -99.00   17.33   14.81   13.26   12.55   12.34  -99.00
   03500505+2407264    15.37   14.03   12.39   11.41   10.75   10.59    6.44
   03501225+2359453    17.12   15.49   13.04   11.70   11.08   10.85  -99.00
   03501240+2431586    14.47   13.29   11.98   10.98   10.43   10.27    5.97
   03501244+2355363   -99.00   18.15   15.29   13.05   12.39   12.12  -99.00
   03501290+2421067    16.54   15.01   12.68   11.42   10.89   10.63  -99.00
   03501526+2413363    19.51   17.54   14.64   13.22   12.63   12.38  -99.00
   03501766+2522464    10.14    9.64  -99.00    8.65    8.47    8.38  -99.00
   03502089+2428003    11.86   11.09   10.32    9.75    9.40    9.31    5.07
   03502130+2305470    12.19   11.36  -99.00    9.86    9.51    9.39    5.39
   03502130+2708398    12.14   11.33  -99.00    9.84    9.45    9.36    6.24
   03502203+2237326   -99.00   18.09   15.30   13.23   12.56   12.30    0.60
   03502291+2211181   -99.00   14.80   12.60   11.46   10.79   10.59    1.89
   03502494+2042181    16.13   14.69   12.87   11.81   11.12   10.94  -99.00
   03502734+2322452   -99.00   18.16   15.44   13.41   12.83   12.54  -99.00
   03502995+2503071    18.15   16.57   14.00   12.64   12.02   11.76  -99.00
   03503194+2208477   -99.00   16.00  -99.00   13.04   12.36   12.12  -99.00
   03503457+2430281    13.66   12.65   11.52   10.70   10.20   10.08    5.16
   03503571+2525354    13.14   12.18  -99.00   10.26    9.73    9.58    0.31
   03503890+2313028   -99.00   17.12   14.40   12.64   11.99   11.75    0.89
   03503929+2523375    13.58   12.45   11.09   10.22    9.59    9.43    0.58
   03504007+2355590    10.90   10.29    9.61    9.18    8.94    8.85    2.17
   03504348+2602284    11.86   11.15  -99.00    9.78    9.48    9.40  -99.00
   03504895+2240122   -99.00   16.21   13.48   12.20   11.48   11.27  -99.00
   03505143+2319447    13.52   12.51   11.40   10.63   10.11   10.02    7.89
   03505244+2357415     7.02    6.93    6.81    6.64    6.63    6.58  -99.00
   03505385+2232531    13.84   12.77   11.55   10.68   10.11    9.99    5.16
   03505432+2350056    12.54   11.57   10.47    9.68    9.23    9.05    5.16
   03505508+2411508    12.61   11.75  -99.00   10.12    9.74    9.63    6.28
   03505660+2535066   -99.00   16.87   14.22   12.46   11.84   11.58  -99.00
   03505741+2406310   -99.00   16.70   14.17   12.69   12.07   11.84  -99.00
   03510231+2503197    14.61   13.47   12.12   11.04   10.49   10.37  -99.00
   03510557+2444124    15.18   13.92   12.35   11.28   10.43   10.45    0.26
   03511054+2635156    15.37   13.99   12.39   11.41   10.78   10.60    6.65
   03511153+2423133   -99.00   16.15   13.59   12.19   11.60   11.30  -99.00
   03511207+2355575    16.36   14.86   12.90   11.77   11.10   10.90    4.56
   03511581+2316562    16.27   14.84   12.87   11.70   11.03   10.82  -99.00
   03511685+2349357    13.41   12.41   11.33   10.62   10.08    9.96    7.96
   03511819+2420263   -99.00   17.89   15.52   13.85   13.30   13.07  -99.00
   03511886+2603090   -99.00   16.23   13.53   12.35   11.69   11.43  -99.00
   03511906+2410134   -99.00   16.11   13.61   12.27   11.62   11.40    1.87
   03512066+1938381    18.67   17.11   14.28   12.62   12.00   11.75  -99.00
   03512381+2250293    15.64   14.27   12.52   11.45   10.78   10.60    3.66
   03512387+2206482   -99.00   12.00  -99.00   10.94   10.34   10.20    6.37
   03512388+2505528   -99.00   16.40   13.68   12.62   12.00   11.77  -99.00
   03512416+2603116    18.35   16.68   14.02   12.57   11.97   11.68    1.67
   03512440+2405147    14.74   13.53   12.08   10.94   10.28   10.28    5.47
   03512533+2353215   -99.00   14.03   12.40   11.40   10.74   10.60    7.15
   03512586+2447390   -99.00   15.83   13.58   12.05   11.46   11.19    0.31
   03512722+2431072     9.25    8.87    8.40    8.06    7.93    7.88  -99.00
   03512993+2353572    14.73   13.53   12.06   11.11   10.38   10.36    0.88
   03513640+2513408   -99.00   17.77   14.77   12.96   12.36   12.09  -99.00
   03513802+2310594    14.74   13.47   11.85   10.85   10.19   10.03    3.94
   03513903+2245010    13.16   12.20   11.13   10.44   10.01    9.84  -99.00
   03513927+2432561    13.02   12.09   11.06   10.42    9.92    9.81    4.21
   03514044+2458594    11.68   10.94   10.12    9.53    9.22    9.14    3.48
   03514208+2140061    12.42   11.57  -99.00    9.90    9.57    9.45    5.10
   03515058+2253446   -99.00   17.58   14.47   12.97   12.30   12.06  -99.00
   03515338+2423132    13.78   12.77   11.54   10.63   10.03    9.88    0.42
   03515391+2402517    18.68   16.92   13.96   12.33   11.79   11.51  -99.00
   03515450+2333317   -99.00   17.53   14.13   12.69   12.06   11.78    0.58
   03515685+2354070    10.62   10.05    9.38    8.98    8.71    8.63    4.85
   03515733+2320219    14.34   13.16   11.81   10.99   10.35   10.20    7.63
   03515751+2548315   -99.00   17.59   14.96   13.16   12.60   12.30  -99.00
   03520080+1935487    11.18   10.52  -99.00    9.27    8.98    8.87    2.45
   03520223+2439479    13.17   12.10   10.77    9.80    9.21    9.07    0.43
   03520225+2421481    16.70   15.22   13.31   12.24   11.59   11.37  -99.00
   03520361+2317215   -99.00   17.90   15.31   13.81   13.10   12.82  -99.00
   03520557+2234553   -99.00   16.13   13.69   12.38   11.72   11.48  -99.00
   03520880+2026189    13.03   11.93  -99.00    9.85    9.29    9.14  -99.00
   03521218+2622090    18.22   16.63   13.82   12.24   11.65   11.42  -99.00
   03521318+2611456    17.44   15.92   13.54   12.22   11.56   11.32  -99.00
   03521331+2608371   -99.00   16.33   14.17   12.73   12.10   11.83  -99.00
   03521499+2420237    17.12   15.61   13.36   12.14   11.40   11.19  -99.00
   03521723+2424007    11.28   10.66  -99.00    8.60    8.09    7.92  -99.00
   03521844+2200536    17.27   15.75   13.52   12.29   11.62   11.39    1.99
   03522064+2433557    16.93   15.44   13.27   12.05   11.37   11.15    0.36
   03523090+2432396   -99.00   17.56   13.93   12.45   11.81   11.53  -99.00
   03523136+2515078   -99.00   16.70   14.16   12.78   12.15   11.91  -99.00
   03523446+2230078   -99.00   15.79   13.55   12.29   11.61   11.39    1.77
   03523891+2550256   -99.00   17.80   14.80   13.13   12.50   12.22  -99.00
   03524534+2516475    15.02   13.75   12.19   11.25   10.59   10.52    5.13
   03524869+2142283    16.19   14.76   12.77   11.56   10.87   10.66    0.55
   03525170+2231331   -99.00   16.90   14.40   12.82   12.15   11.91  -99.00
   03525209+2510264   -99.00   16.01   13.73   12.38   11.75   11.53  -99.00
   03525300+2146550    12.50   11.65  -99.00    9.99    9.47    9.35    1.76
   03525424+2517435   -99.00   18.02   15.08   13.34   12.73   12.46  -99.00
   03525696+2226015   -99.00   15.94   13.69   12.45   11.84   11.57    1.29
   03525913+2454055   -99.00   14.40   12.59   11.60   10.89   10.71    2.49
   03530162+2258485   -99.00   18.10   15.10   13.48   12.79   12.54  -99.00
   03530236+2139367    11.53   10.72  -99.00    9.31    8.97    8.83    9.46
   03530452+2248050    14.88   13.63   12.13   11.18   10.54   10.38    5.44
   03530727+2547216   -99.00   20.40   16.10   14.25   13.74   13.30  -99.00
   03531015+2303109   -99.00   16.40   14.20   12.58   11.95   11.67  -99.00
   03531569+2252146    18.50   16.83   14.15   12.65   12.03   11.78  -99.00
   03532159+2358542   -99.00   16.38   14.03   12.67   12.05   11.77  -99.00
   03532369+2403542    12.30   11.49  -99.00    9.95    9.56    9.44    4.14
   03532410+2347587   -99.00   18.10   15.20   13.39   12.77   12.55    0.44
   03532482+2324151    16.63   15.12   12.79   11.49   10.79   10.60  -99.00
   03533134+2631411    12.81   11.90  -99.00    9.94    9.43    9.24    0.40
   03533550+2607083   -99.00   19.00   15.60   13.66   13.07   12.79  -99.00
   03534095+2425098   -99.00   15.72   13.82   12.50   11.83   11.58  -99.00
   03534301+2050006    16.23   14.78   12.86   11.63   10.94   10.76  -99.00
   03534758+2344310   -99.00   17.64   14.65   13.18   12.58   12.28    0.68
   03535026+2557526    11.82   11.10  -99.00    9.68    9.37    9.30  -99.00
   03535245+2237342   -99.00   17.91   14.88   12.94   12.27   12.02  -99.00
   03535282+2225068    13.19   12.15   10.93   10.11    9.55    9.41  -99.00
   03535727+2320432    15.60   14.26   12.48   11.31   10.65   10.48  -99.00
   03535812+2028496    16.90   15.38   13.14   11.83   11.16   10.92  -99.00
   03540069+2359000   -99.00   17.00   14.30   12.73   12.14   11.85  -99.00
   03540892+2420011    13.51   12.49  -99.00   10.38    9.85    9.72  -99.00
   03541301+2320510   -99.00   16.46   13.92   12.66   12.05   11.81  -99.00
   03541416+2537575   -99.00   16.41   14.22   12.91   12.28   12.01  -99.00
   03541882+2529430    14.04   12.88   11.44   10.48   10.03    9.81  -99.00
   03542159+2404323    10.29    9.75  -99.00    8.69    8.48    8.42  -99.00
   03542247+2338122   -99.00   18.00   15.00   13.47   12.82   12.57    1.55
   03542782+2123231    11.71   10.97  -99.00    9.60    9.26    9.18  -99.00
   03542795+2350075   -99.00   13.04   11.42   10.47    9.84    9.66  -99.00
   03542844+2419161    15.58   14.20   12.49   11.45   10.78   10.62  -99.00
   03543361+2540437    16.19   14.72   12.55   11.26   10.59   10.37  -99.00
   03543479+2153021    17.03   15.51   13.28   12.06   11.37   11.18  -99.00
   03544798+2512304    17.29   15.76   13.76   12.60   11.95   11.76  -99.00
   03545255+2434344   -99.00   13.10   11.25   10.64    9.99    9.83  -99.00
   03545533+2259404   -99.00   19.80   16.00   14.23   13.62   13.27  -99.00
   03545802+2514293   -99.00   16.87   14.30   12.91   12.24   11.98  -99.00
   03550896+2405028   -99.00   17.10   14.00   12.77   12.14   11.89  -99.00
   03551183+2258029   -99.00   19.90   16.00   13.92   13.23   12.92  -99.00
   03551362+1930170    18.33   16.74   14.07   12.61   11.94   11.72  -99.00
   03552067+2232088   -99.00   18.10   15.30   13.97   13.24   13.06  -99.00
   03552900+2346208    15.53   14.18  -99.00   11.42   10.78   10.59  -99.00
   03553089+2323512   -99.00   17.21   14.44   13.09   12.43   12.18    1.58
   03553193+2104462    11.83   11.04  -99.00    9.62    9.28    9.17  -99.00
   03553384+2248320    16.13   14.63   12.62   11.34   10.67   10.44  -99.00
   03553441+2358285   -99.00   19.60   15.80   14.14   13.50   13.26  -99.00
   03554636+2321162   -99.00   15.53   13.45   12.36   11.69   11.49  -99.00
   03554872+2355363   -99.00   13.79   11.69   11.33   10.64   10.44  -99.00
   03555009+2143281    18.04   16.42   13.72   12.15   11.52   11.29  -99.00
   03555603+2334021    13.75   12.68  -99.00   10.65   10.12   10.01  -99.00
   03555641+2518002   -99.00   16.23   13.83   12.65   11.94   11.72  -99.00
   03555753+2110391    18.50   16.87   14.21   12.65   12.02   11.76  -99.00
   03555838+2432598    13.77   12.68  -99.00   10.66   10.12    9.92  -99.00
   03555883+2457402   -99.00   17.80   14.70   13.04   12.39   12.15  -99.00
   03560143+2307349     9.62    9.08  -99.00    8.01    7.80    7.68  -99.00
   03560580+2226222    14.63   13.36   11.89   10.94   10.30   10.16  -99.00
   03561110+2213163    12.51   11.63  -99.00    9.91    9.52    9.41  -99.00
   03561132+2034303    18.49   16.90   14.20   12.69   12.05   11.84  -99.00
   03561230+2102270    11.57   10.86  -99.00    9.44    9.07    8.97  -99.00
   03561278+2545434    11.14   10.47  -99.00    9.17    8.91    8.83  -99.00
   03561859+2357520   -99.00   15.80   13.44   12.18   11.51   11.28  -99.00
   03562349+2449567    15.44   14.12   12.45   11.37   10.71   10.55  -99.00
   03562498+2305269   -99.00   15.15   13.07   11.97   11.30   11.08  -99.00
   03562592+2416515   -99.00   15.03   13.00   11.91   11.18   11.01    2.12
   03562619+2347036    12.13   11.30   10.45    9.85    9.51    9.39  -99.00
   03562890+2401544   -99.00   17.90   15.20   13.53   12.86   12.64    0.45
   03564658+2621007   -99.00   19.40   15.90   13.98   13.37   13.05  -99.00
   03565130+2502254    18.05   16.45   13.89   12.43   11.81   11.51  -99.00
   03565230+2510053   -99.00   20.74   16.77   14.83   14.20   13.98  -99.00
   03565272+2005011     9.12    8.76    8.40    8.01    7.97    7.87  -99.00
   03565289+2325439   -99.00   17.60   14.60   13.05   12.41   12.14  -99.00
   03565708+2448347   -99.00   16.10   13.60   12.16   11.45   11.23  -99.00
   03571684+2400332    13.86   12.79   11.53   10.66   10.08    9.94  -99.00
   03573331+2403114    13.06   12.11  -99.00   10.45    9.97    9.86  -99.00
   03573459+2255327    15.14   13.88   12.37   11.43   10.77   10.64  -99.00
   03573607+2355524    16.19   14.78   12.85   11.69   10.93   10.77  -99.00
   03574066+2516043    18.26   16.64   14.12   12.73   12.11   11.82  -99.00
   03580169+2040365    10.13    9.63  -99.00    8.44    8.25    8.20  -99.00
   03582162+2115277    12.28   11.46  -99.00    9.94    9.58    9.45  -99.00
   03585613+2327538    17.82   16.22   13.56   12.14   11.46   11.24  -99.00
   03585702+2342314    17.04   15.51   13.26   12.02   11.38   11.11  -99.00
   03590630+2503201    18.34   16.60   13.94   12.43   11.70   11.46  -99.00
   03592289+2234169    15.74   14.33   12.54   11.49   10.79   10.56  -99.00
   03592752+2307256    14.50   13.38   11.93   10.95   10.27   10.13  -99.00
   03595241+2221579    16.62   15.28   13.62   12.62   11.92   11.79  -99.00
   04003922+2644194    17.20   15.65   13.38   12.06   11.37   11.17  -99.00
   04005311+2311380    10.06    9.61  -99.00    8.68    8.56    8.49  -99.00
   04010412+2022217    17.02   15.47   13.11   11.81   11.14   10.91  -99.00
   04034065+2521349    17.61   15.94   13.62   12.28   11.56   11.31  -99.00
   04034416+2256395    10.25    9.67  -99.00    8.52    8.26    8.18  -99.00
   04043551+2507123    13.23   12.32   11.23   10.47   10.00    9.95  -99.00
   04044564+2441194    19.66   17.83   14.64   12.74   12.06   11.77  -99.00
